9
14
17
18
22
26
31
38
40
41
54
81
86
90
96
97
100
125
140
149
153
161
176
178
181
191
201
202
205
214
216
219
222
227
244
245
250
251
258
262
280
292
304
361
381
387
403
418
421
436
441
447
452
467
483
489
490
493
510
511
512
521
522
537
538
562
566
573
576
577
591
593
622
623
647
648
656
672
688
725
735
736
749
754
757
758
768
770
778
779
783
788
789
810
823
836
848
852
853
856
866
870
878
892
897
901
916
934
936
948
957
959
960
965
978
979
983
1000
1005
1015
1017
1018
1040
1057
1061
1069
1080
1102
1109
1110
1136
1142
1177
1192
1193
1206
1209
1216
1230
1231
1234
1241
1258
1260
1269
1278
1296
1333
1334
1352
1363
1373
1377
1414
1417
1420
1442
1451
1455
1456
1466
1467
1468
1471
1481
1509
1521
1523
1609
1611
1615
1630
1669
1684
1686
1713
1720
1743
1752
1753
1762
1767
1774
1849
1889
1890
1900
1919
1922
1923
1963
1966
1980
1992
2002
2015
2017
2022
2027
2040
2047
2058
2062
2088
2114
2117
2124
2135
2139
2159
2219
2225
2256
2266
2273
2280
