6
118
149
287
394
405
453
454
458
459
489
523
536
537
538
539
575
580
581
583
584
612
624
629
630
632
636
637
638
672
679
686
694
711
713
725
727
728
767
768
769
779
780
812
813
827
829
830
831
843
845
851
852
854
856
857
858
860
862
864
872
873
874
923
925
927
932
933
947
964
970
971
987
988
1043
1044
1045
1046
1047
1048
1049
1050
1051
1089
1090
1091
1092
1101
1104
1109
1110
1111
1112
1113
1121
1124
1126
1127
1129
1130
1131
1132
1133
1134
1135
1136
1137
1151
1161
1162
1163
1164
1165
1166
1168
1169
1194
1208
1261
1272
1273
1276
1281
1290
1292
1362
1365
1371
1373
1375
1380
1381
1382
1383
1384
1387
1388
1389
1390
1401
1416
1417
1418
1419
1420
1426
1427
1433
1434
1435
1441
1452
1464
1484
1486
1489
1492
1493
1494
1500
1506
1513
1514
1515
1518
1519
1520
1521
1524
1525
1526
1528
1529
1530
1535
1542
1543
1545
1552
1555
1564
1566
1567
1570
1571
1582
1647
1659
1660
1661
1662
1663
1666
1667
1668
1674
1704
1707
1713
1715
1731
1732
1742
1743
1744
1745
1746
1747
1748
1749
1759
1849
1859
1860
1876
1898
1904
1917
1919
1920
1922
1934
1935
1936
1945
1947
1948
1952
1967
1968
1969
1970
1971
1972
1973
1974
1975
1976
1977
1978
1981
1982
1987
1988
1989
1990
1992
1993
1994
1998
2004
2019
2020
2021
2022
2023
2038
2039
2040
2046
2053
2055
2056
2071
2122
2123
2128
2133
2134
2135
2136
2138
2140
2141
2142
2143
2144
2156
2190
2191
2197
2208
2209
2252
2253
2254
2255
2263
2297
2314
2315
2317
2318
2319
2320
2328
2351
2371
2400
2403
2450
2480
2483
2489
2490
2491
2493
2495
2497
2498
2509
2520
2523
2533
2534
2537
2541
2542
2543
2544
2545
2546
2547
2548
2549
2554
2557
2558
2568
2572
2573
2574
2575
2576
2577
2578
2589
2590
2591
2597
2626
2646
2717
2724
2726
2727
2740
2741
2745
2747
2753
2773
2774
2779
2800
2801
2806
2810
2811
2814
2821
2839
2843
2850
2854
2855
2860
2865
2888
2926
2927
2938
2944
2958
2959
2971
2972
2973
2977
2978
2980
2981
3015
3029
3040
3041
3042
3043
3059
3064
3069
3073
3074
3088
3089
3090
3091
3096
3103
3106
3122
3131
3134
3141
3142
3143
3144
3145
3148
3149
3150
3151
3153
3154
3155
3156
3157
3158
3179
3180
3182
3187
3199
3200
3201
3202
3203
3204
3206
3211
3213
3217
3218
3219
3220
3224
3235
3246
3253
3260
3287
3291
3292
3293
3300
3302
3303
3314
3315
3316
3317
3342
3358
3363
3367
3368
3369
3370
3371
3372
3373
3374
3375
3376
3377
3394
3422
3424
3437
3440
3441
3442
3443
3444
3446
3451
3453
3454
3455
3464
3465
3469
3470
3471
3472
3474
3475
3476
3479
3493
3494
3499
3500
3503
3506
3509
3510
3534
3535
3537
3538
3552
3553
3554
3555
3556
3557
3558
3568
3587
3588
3589
3599
3600
3601
3602
3603
3604
3696
3805
3831
3844
3868
3892
3897
3910
3911
3915
3918
3919
3927
3935
3945
3950
3951
3952
3965
3975
3977
3987
4004
4005
4006
4007
4008
4009
4010
4012
4014
4015
4016
4017
4018
4019
4021
4022
4023
4024
4025
4026
4027
4028
4029
4032
4041
4049
4062
4067
4068
4076
4083
4084
4089
4103
4104
4113
4114
4120
4124
4131
4148
4167
4168
4169
4170
4171
4172
4186
4208
4256
4283
4284
4285
4288
4289
4290
4435
4436
4455
4485
4516
4570
4580
4587
4598
4599
4600
4608
4611
4612
4613
4639
4640
4641
4642
4643
4644
4645
4646
4647
4648
4649
4651
4652
4654
4655
4656
4657
4658
4659
4685
4688
4689
4697
4698
4699
4700
4701
4702
4706
4718
4726
4735
4736
4738
4742
4745
4747
4748
4749
4750
4751
4752
4753
4754
4755
4756
4757
4760
4761
4764
4781
4783
4794
4795
4799
4801
4802
4808
4814
4815
4817
4818
4819
4829
4830
4831
4832
4834
4835
4837
4839
4846
4847
4848
4849
4850
4854
4855
4856
4857
4861
4862
4863
4865
4866
4867
4872
4874
4875
4888
4890
4896
4900
4902
4907
4911
4913
4914
4915
4917
4918
4919
4920
4921
4922
4923
4924
4925
4926
4927
4928
4929
4930
4931
4932
4933
4934
4935
4937
4938
4939
4940
4942
4943
4944
4945
4949
4968
4980
4981
4984
5008
5009
5014
5015
5017
5033
5036
5039
5040
5041
5042
5051
5054
5062
5067
5084
5100
5103
5110
5117
5129
5130
5131
5132
5162
5163
5164
5185
5186
5187
5188
5189
5194
5202
5212
5213
5216
5249
5251
5252
5253
5255
5256
5257
5260
5261
5262
5263
5264
5270
5271
5272
5273
5278
5331
5337
5340
5341
5342
5345
5346
5347
5349
5351
5354
5361
5364
5365
5366
5368
5370
5373
5375
5376
5379
5380
5381
5382
5383
5385
5405
5442
5443
5444
5445
5446
5447
5448
5449
5450
5451
5452
5453
5454
5455
5460
5504
5511
5512
5513
5514
5515
5516
5517
5518
5519
5520
5521
5522
5523
5524
5568
5577
5598
5599
5647
5648
5656
5663
5664
5673
5684
5704
5705
5708
5714
5717
5718
5721
5739
5758
5759
5762
5773
5855
5856
5863
5903
5921
5922
5934
5939
5940
5941
5942
5943
5944
5945
5964
5966
5991
5992
5993
5995
5996
5997
5998
5999
6000
6001
6002
6003
6004
6005
6006
6007
6008
6009
6010
6011
6012
6014
6015
6016
6017
6018
6024
6025
6026
6027
6028
6031
6033
6034
6035
6038
6040
6041
6042
6058
6059
6060
6064
6065
6066
6067
6071
6074
6075
6078
6079
6080
6081
6084
6087
6094
6107
6108
6110
6111
6112
6113
6114
6119
6126
6133
6140
6142
6144
6147
6149
6151
6152
6153
6154
6157
6158
6160
6161
6163
6164
6167
6168
6169
6170
6172
6175
6176
6177
6178
6184
6185
6186
6187
6189
6190
6195
6217
6220
6257
6260
6292
6309
6313
6316
6317
6319
6320
6325
6331
6332
6333
6335
6337
6339
6340
6362
6371
6393
6395
6410
6432
6481
6482
6483
6494
6495
6499
6500
6501
6514
6515
6547
6565
6578
6579
6580
6581
6585
6586
6587
6588
6589
6590
6593
6596
6610
6611
6613
6632
6654
6655
6660
6673
6677
6678
6679
6680
6681
6690
6705
6709
6710
6711
6712
6713
6714
6726
6727
6728
6729
6730
6731
6733
6734
6743
6745
6810
6812
6813
6814
6815
6816
6817
6818
6819
6828
6829
6838
6843
6844
6845
6847
6848
6849
6850
6851
6852
6853
6854
6855
6856
6857
6858
6859
6860
6862
6863
6864
6867
6868
6869
6870
6871
6902
6912
6915
6917
6920
6928
6933
6964
6973
6974
6975
6976
6984
6999
7004
7005
7016
7017
7018
7019
7020
7021
7023
7024
7025
7026
7027
7028
7029
7030
7031
7035
7036
7037
7042
7044
7053
7086
7087
7146
7148
7160
7195
7203
7204
7262
7265
7272
7286
7296
7307
7309
7310
7311
7323
7333
7334
7350
7351
7368
7370
7371
7372
7373
7374
7376
7378
7380
7381
7382
7383
7384
7385
7386
7387
7409
7412
7445
7476
7477
7486
7487
7488
7489
7490
7491
7493
7498
7524
7531
7533
7534
7535
7561
7562
7564
7595
7596
7597
7600
7601
7603
7604
7605
7606
7607
7608
7610
7611
7612
7613
7614
7615
7616
7617
7623
7634
7637
7650
7651
7652
7653
7687
7694
7697
7698
7699
7702
7710
7722
7723
7724
7729
7733
7734
7735
7736
7737
7738
7756
7810
7811
7812
7813
7814
7821
7842
7848
7858
7869
7870
7879
7881
7892
7893
7905
7906
7907
7908
7909
7910
7911
7912
7913
7914
7915
7916
7919
7920
7921
7922
7923
7924
7927
7928
7947
7948
7949
7950
7951
7952
7953
7963
7964
7965
7975
8011
8034
8035
8036
8037
8042
8044
8046
8050
8066
8076
8078
8079
8080
8081
8082
8090
8101
8106
8107
8110
8111
8118
8119
8120
8122
8124
8125
8127
8128
8129
8130
8131
8132
8133
8137
8138
8140
8142
8143
8144
8165
8192
8193
8211
8212
8298
8299
8300
8337
8342
8347
8348
8362
8368
8379
8380
8479
8482
8483
8497
8498
8499
8537
8538
8539
8568
8570
8571
8572
8574
8577
8580
8581
8586
8587
8603
8615
8620
8623
8626
8636
8647
8648
8649
8659
8660
8668
8669
8678
8680
8687
8688
8702
8703
8704
8705
8707
8708
8757
8766
8769
8770
8771
8772
8773
8774
8775
8778
8795
8805
8818
8829
8836
8838
8839
8854
8855
8859
8861
8872
8875
8876
8881
8882
8883
8936
8948
8955
8972
8990
8991
8992
8993
8996
8997
9003
9004
9005
9006
9025
9026
9027
9028
9029
9041
9042
9043
9044
9061
9062
9068
9074
9083
9100
9101
9115
9116
9117
9146
9200
9241
9242
9243
9248
9249
9250
9251
9252
9253
9257
9258
9259
9260
9261
9263
9274
9277
9294
9295
9328
9354
9356
9370
9371
9372
9375
9377
9378
9384
9385
9386
9387
9388
9390
9392
9393
9394
9395
9400
9402
9405
9407
9500
9622
9631
9632
9633
9634
9635
9636
9637
9638
9642
9643
9644
9645
9646
9647
9648
9649
9650
9651
9652
9653
9654
9655
9656
9657
9658
9667
9669
9705
9706
9707
9710
9711
9712
9717
9718
9719
9720
9721
9725
9742
9752
9762
9765
9803
9805
9808
9828
9829
9830
9831
9832
9833
9834
9835
9836
9837
9838
9839
9840
9841
9843
9874
9875
9932
9936
9937
9940
9953
9954
9961
9978
9979
9981
9982
9983
9995
10033
10034
10035
10036
10037
10038
10051
10052
10054
10055
10057
10058
10059
10060
10061
10062
10063
10064
10065
10066
10076
10077
10105
10107
10112
10113
10135
10136
10143
10144
10145
10146
10147
10161
10209
10210
10212
10213
10214
10215
10216
10217
10218
10219
10220
10221
10225
10226
10227
10228
10229
10230
10231
10233
10247
10248
10249
10255
10256
10265
10280
10285
10302
10303
10305
10306
10309
10310
10313
10314
10315
10316
10317
10318
10319
10320
10325
10326
10327
10328
10332
10333
10334
10335
10336
10337
10338
10339
10341
10342
10343
10345
10346
10352
10366
10370
10371
10372
10373
10374
10378
10380
10386
10390
10391
10392
10393
10394
10397
10413
10414
10415
10422
10426
10430
10431
10435
10436
10445
10450
10468
10469
10470
10478
10481
10490
10525
10526
10527
10528
10529
10530
10739
10763
10780
10783
10784
10803
10805
10819
10820
10821
10822
10823
10824
10826
10835
10836
10837
10900
10901
10905
10906
10907
10912
10914
10916
10917
10918
10920
10921
10925
10926
10946
10949
10951
10952
10953
10979
10980
10981
10992
10993
10997
11003
11004
11005
11006
11012
11013
11014
11015
11016
11038
11039
11041
11042
11051
11080
11081
11084
11098
11121
11122
11131
11153
11155
11184
11185
11191
11201
11205
11226
11229
11234
11241
11270
11271
11275
11276
11277
11278
11279
11295
11323
11324
11334
11339
11340
11345
11376
11384
11412
11423
11427
11432
11476
11479
11480
11481
11494
11504
11515
11543
11551
11564
11571
11582
11583
11593
11595
11604
11608
11614
11616
11617
11619
11628
11641
11643
11644
11652
11657
11658
11661
11662
11663
11681
11692
11701
11702
11703
11705
11707
11709
11710
11712
11713
11714
11715
11716
11717
11718
11720
11722
11725
11727
11729
11731
11732
11733
11734
11738
11742
11743
11777
11779
11780
11783
11785
11790
11791
11793
11794
11795
11801
11807
11808
11810
11812
11815
11816
11817
11818
11821
11823
11824
11825
11826
11828
11829
11830
11831
11832
11833
11834
11835
11836
11838
11839
11840
11841
11842
11843
11844
11845
11846
11848
11849
11850
11851
11852
11853
11855
11857
11858
11859
11860
11861
11862
11863
11866
11867
11868
11869
11870
11871
11873
11875
11877
11879
11880
11883
11884
11885
11889
11890
11891
11892
11896
11897
11898
11899
11901
11902
11908
11910
11911
11912
11913
11915
11916
11918
11919
11920
11925
11926
11927
11928
11929
11930
11933
11934
11935
11937
11941
11943
11944
11950
11951
11957
11958
11959
11960
11961
11967
11968
11970
11971
11972
11973
11978
11983
11986
11987
11989
11993
11995
11996
11997
11998
11999
12003
12005
12007
12012
12015
12016
12021
12025
12026
12027
12029
12030
12043
12045
12046
12052
12067
12070
12074
12091
12092
12093
12127
12128
12129
12132
12141
12142
12143
12144
12145
12146
12148
12149
12150
12151
12153
12154
12165
12170
12174
12175
12178
12180
12187
12191
12193
12195
12196
12201
12215
